image: floor+8020.pgm
resolution: 0.050000
origin: [-4.493726, -17.626105, 0.000000]
negate: 0
occupied_thresh: 0.65
free_thresh: 0.196

