image: floor8+7030.pgm
resolution: 0.050000
origin: [-14.830827, -41.306039, 0.000000]
negate: 0
occupied_thresh: 0.65
free_thresh: 0.196

