image: vegas_test_easy.png
resolution: 0.050000
origin: [-11.606540, -27.320793, 0.000000]
negate: 0
occupied_thresh: 0.75
free_thresh: 0.196

